-1.632834000000000060e+03 -4.457509999999999764e+02 -1.093437500000000062e+00
-5.195196562500000255e+02 2.730016625000000204e+03 1.118249999999999966e+00
1.744141343750000033e+03 3.714374999999932925e+01 1.847750000000000004e+00
1.484393343749999985e+03 2.952895624999999200e+03 1.327812499999999840e+00
-3.710974999999997408e+02 3.287169281250000495e+03 9.063750000000001528e-01
-1.855490843749999613e+03 3.342736562500011814e+02 -4.214374999999996874e-01
1.391603499999999940e+03 2.302871187499998996e+03 -9.237500000000031797e-02
-1.410192531250000229e+03 7.614863437500002874e+02 5.724375000000001545e-01
-4.082123125000001664e+02 2.321409374999999272e+03 1.872562499999999908e+00
1.966840843750000431e+03 -4.085464687499998035e+02 -4.161875000000003766e-01
2.597480000000000473e+02 -2.915751874999999927e+03 5.199375000000001634e-01
-1.410789250000000266e+03 9.933021250000000464e+02 -6.218124999999994351e-01
1.410777031249999709e+03 1.006713656249999190e+03 2.219249999999999279e+00
4.638873437499997863e+02 -2.637144843750000291e+03 5.138125000000000053e-01
1.874664374999999609e+03 -1.630431187500000988e+03 2.733062499999999062e+00
-1.280335156250000182e+03 -1.652899062499999900e+03 -6.162499999999997424e-01
-1.484360000000001492e+02 -2.674349250000000211e+03 -2.028812499999999908e+00
1.131899156250000033e+03 -1.021450187500000084e+03 -1.412562499999999943e+00
-1.057648593750000373e+03 -1.040024906249999731e+03 1.564750000000000085e+00
-8.157995937500002128e+02 2.330996218749999571e+03 5.180624999999996483e-01
1.687906656249999969e+03 3.433295937499998445e+02 -9.621249999999998970e-01
1.687918875000000526e+03 -1.656686187499999505e+03 -2.559562499999999741e+00
7.425056249999975932e+01 -2.061475093749999814e+03 1.521875000000001421e-01
1.855415312500004461e+02 -1.634300906249999798e+03 -1.120687499999999837e+00
