0.000000000000000000e+00 0.000000000000000000e+00 -2.343750000000000000e-02
2.734375000000000000e-02 1.562500000000000000e-02 3.125000000000000000e-02
-4.865625000011775114e-02 2.074999999933169192e-02 -4.024999999999989697e-02
2.134374999981858423e-02 -1.337500000084901330e-02 -1.187500000000119016e-03
-2.749999999976537879e-02 -1.471874999975852916e-02 5.375000000000129674e-03
-6.843749999724479949e-03 -1.034374999881038093e-02 1.556250000000031219e-02
1.549999999987861088e-02 -6.812500001103671821e-03 2.762499999999967759e-02
1.546874999995040412e-02 2.434375000024147084e-02 4.443750000000012967e-02
1.968749999987906563e-02 -1.262500000069621819e-02 -4.443750000000012967e-02
-1.215624999963438313e-02 -4.468749999830379238e-03 4.181249999999964162e-02
5.684341886080801487e-14 -4.687500000000000000e-02 -3.906249999999988898e-02
-1.325000000023379698e-02 2.012500000000727596e-02 -1.281249999999944933e-02
-7.968750000337365691e-03 3.656249999153260433e-03 1.124999999999909406e-02
-7.656250000177777792e-03 3.815624999975852916e-02 -1.318750000000001865e-02
4.374999999466666623e-03 1.681249999904821379e-02 -2.393750000000083311e-02
-2.215625000008003553e-02 -4.606249999983447196e-02 -5.824999999999969091e-02
-1.421085471520200372e-13 -3.125000000000000000e-02 -7.812500000000000000e-03
3.515625000000000000e-02 7.812499999886313162e-03 2.343750000000000000e-02
5.406249999719392463e-03 6.093750000161435310e-03 -1.249999999999973355e-03
-3.593750000128181910e-03 -4.478125000048294169e-02 -2.937500000000370370e-03
3.165625000000460432e-02 2.159374999985175236e-02 1.987500000000008704e-02
2.875000000621241725e-03 3.281250000065938366e-02 9.437500000000209610e-03
1.156249999975145215e-02 9.062500002414708433e-04 1.318750000000012967e-02
-4.687499995519317508e-04 -1.290624999973033482e-02 8.312500000000166978e-03
