1	4	1	-1632.834 -445.751	-1.07
2	1	2	-519.547	2730.001	1.087
3	2	5	1744.19	37.123	1.888
4	2	6	1484.372	2952.909	1.329
5	2	3	-371.07	3287.184	0.901
6	6	3	-1855.484 334.284	-0.437
7	3	7	1391.588	2302.878	-0.12
8	8	4	-1410.208 761.462	0.528
9	4	5	-408.232	2321.422	1.917
10	5	9	1966.853	-408.542	-0.458
11	6	5	259.748	-2915.705 0.559
12	10	6	-1410.776 993.282	-0.609
13	6	11	1410.785	1006.71	2.208
14	7	6	463.895	-2637.183 0.527
15	7	11	1874.66	-1630.448 2.757
16	12	8	-1280.313 -1652.853 -0.558
17	9	8	-148.436	-2674.318 -2.021
18	9	12	1131.864	-1021.458 -1.436
19	13	9	-1057.654 -1040.031 1.566
20	9	10	-815.796	2331.041	0.521
21	10	14	1687.875	343.308	-0.982
22	11	14	1687.916	-1656.719 -2.569
23	13	12	74.239	-2061.476 0.139
24	14	13	185.542	-1634.288 -1.129
